%YAML:1.0
---
R: !!opencv-matrix
   rows: 3
   cols: 3
   dt: d
   data: [ 9.9935064263183826e-01, 6.1064773529636834e-03,
       -3.5510618210188617e-02, -5.5706684090001211e-03,
       9.9986943949308094e-01, 1.5168111987623080e-02,
       3.5598605658213718e-02, -1.4960444583295264e-02,
       9.9925418406582678e-01 ]
T: !!opencv-matrix
   rows: 3
   cols: 1
   dt: d
   data: [ -4.4711660126233910e-01, -1.8659503927402676e-01,
       2.0633522772376783e-01 ]
R1: !!opencv-matrix
   rows: 3
   cols: 3
   dt: d
   data: [ 8.3259291849177264e-01, 3.6534119557969863e-01,
       -4.1631099299652002e-01, -3.6099529508187372e-01,
       9.2797887500784437e-01, 9.2399158372392723e-02,
       4.2008502592463703e-01, 7.3355424827152738e-02,
       9.0451509254535090e-01 ]
R2: !!opencv-matrix
   rows: 3
   cols: 3
   dt: d
   data: [ 8.4906667661138735e-01, 3.5434074561595569e-01,
       -3.9182702135562558e-01, -3.5837534937878113e-01,
       9.3127022348337818e-01, 6.5596339919659519e-02,
       3.8814029374148967e-01, 8.4725479340913346e-02,
       9.1769750218943191e-01 ]
P1: !!opencv-matrix
   rows: 3
   cols: 4
   dt: d
   data: [ -3.0510888198006387e+02, 0., 6.6409273862838745e+02, 0., 0.,
       -3.0510888198006387e+02, 1.7003870105743408e+02, 0., 0., 0., 1.,
       0. ]
P2: !!opencv-matrix
   rows: 3
   cols: 4
   dt: d
   data: [ -3.0510888198006387e+02, 0., 6.6409273862838745e+02,
       1.6066965066904456e+02, 0., -3.0510888198006387e+02,
       1.7003870105743408e+02, 0., 0., 0., 1., 0. ]
Q: !!opencv-matrix
   rows: 4
   cols: 4
   dt: d
   data: [ 1., 0., 0., -6.6409273862838745e+02, 0., 1., 0.,
       -1.7003870105743408e+02, 0., 0., 0., -3.0510888198006387e+02, 0.,
       0., 1.8989826685348468e+00, 0. ]
