%YAML:1.0
---
M1: !!opencv-matrix
   rows: 3
   cols: 3
   dt: d
   data: [ 7.6708803985990880e+02, 0., 3.2756769226789351e+02, 0.,
       7.0539161754858355e+02, 2.4288922284413917e+02, 0., 0., 1. ]
D1: !!opencv-matrix
   rows: 1
   cols: 14
   dt: d
   data: [ -3.4079448844612203e-01, 9.1988681461464039e-01, 0., 0., 0.,
       0., 0., 2.1677690293834040e+00, 0., 0., 0., 0., 0., 0. ]
M2: !!opencv-matrix
   rows: 3
   cols: 3
   dt: d
   data: [ 7.6708803985990880e+02, 0., 3.0184423084389022e+02, 0.,
       7.0539161754858355e+02, 2.3702561801089863e+02, 0., 0., 1. ]
D2: !!opencv-matrix
   rows: 1
   cols: 14
   dt: d
   data: [ -2.2741947747024954e-01, -1.6673598978639334e-01, 0., 0., 0.,
       0., 0., -2.2090680312824404e+00, 0., 0., 0., 0., 0., 0. ]
