%% camera extrinsic matrix
% project matrix calculation

% extrinsic matrix = [ R | T]
rotmat = [9.9855507516018316e-01, 5.7432542863794685e-03, -5.3430112315462366e-02; 
          -5.3201906377756507e-03, 9.9995338955550661e-01, 8.0569403641173685e-03;
          5.3473894971459338e-02, -7.7610403075363075e-03, 9.9853908727196361e-01];
      
transmat = [3.2737727150183477e-01; 1.1434570655077482e-02; 1.5606748512275498e-01];

extrinsic = [rotmat, transmat];

