<?xml version="1.0"?>
<opencv_storage>
<calibration_time>"Thu 27 Sep 2018 03:30:30 PM EDT"</calibration_time>
<nr_of_frames>25</nr_of_frames>
<image_width>640</image_width>
<image_height>480</image_height>
<board_width>7</board_width>
<board_height>7</board_height>
<square_size>14.</square_size>
<fix_aspect_ratio>1.</fix_aspect_ratio>
<!-- flags: +fix_aspectRatio +fix_principal_point +zero_tangent_dist +fix_k4 +fix_k5 -->
<flags>6158</flags>
<fisheye_model>0</fisheye_model>
<camera_matrix type_id="opencv-matrix">
  <rows>3</rows>
  <cols>3</cols>
  <dt>d</dt>
  <data>
    2.3008224160930272e+03 0. 320. 0. 2.3008224160930272e+03 240. 0. 0.
    1.</data></camera_matrix>
<distortion_coefficients type_id="opencv-matrix">
  <rows>5</rows>
  <cols>1</cols>
  <dt>d</dt>
  <data>
    -6.2402191732723633e-01 -1.1183609650480572e+02 0. 0.
    2.3820913847855518e+03</data></distortion_coefficients>
<avg_reprojection_error>2.7817237463955204e+00</avg_reprojection_error>
<per_view_reprojection_errors type_id="opencv-matrix">
  <rows>25</rows>
  <cols>1</cols>
  <dt>f</dt>
  <data>
    1.39170039e+00 3.14905357e+00 3.71443725e+00 1.67931449e+00
    2.41138053e+00 2.94077086e+00 1.53120422e+00 2.15632033e+00
    1.03056920e+00 3.15481162e+00 6.66292429e+00 2.45701432e+00
    3.64088249e+00 1.16970587e+00 1.26760256e+00 1.04401207e+00
    1.49115372e+00 2.84216809e+00 2.18474913e+00 2.80045438e+00
    4.46176481e+00 2.03538346e+00 2.44351196e+00 1.17775607e+00
    3.22946525e+00</data></per_view_reprojection_errors>
<!-- a set of 6-tuples (rotation vector + translation vector) for each view -->
<extrinsic_parameters type_id="opencv-matrix">
  <rows>25</rows>
  <cols>6</cols>
  <dt>d</dt>
  <data>
    4.5984938182571611e-01 -3.3225126813496486e-02
    2.7115179606607986e-01 -2.5382191100668368e+01
    -4.6628026164355930e+01 6.3162267188679812e+02
    1.3544252480375332e-01 5.2382597162596084e-03 1.4467905785390187e-01
    -8.9906218693821231e+01 -2.3711110461898951e+01
    7.9161646020625710e+02 3.6688529898064043e-01
    -5.0479147644180199e-03 1.9563402103076735e-01
    -2.0990508902822317e+01 -2.7491028364348441e+01
    6.8972430108735500e+02 -4.4790900390057425e-01
    1.8346372485252255e-02 2.0469725578362721e-01
    -2.7232604916744890e+01 -5.8617415000609903e+01
    7.6587928285710871e+02 4.1127221718958962e-01
    -1.9483719196902564e-02 1.7734565937335248e-01
    -2.6338210223008947e+01 -3.2012602214310313e+01
    7.2768857132027563e+02 -5.6771617126532048e-01
    -6.9159924055962427e-02 1.5825592427829097e-01
    -6.6411522322820360e+01 -3.5705959679746364e+01
    7.0226674657403044e+02 5.3358466437503427e-01 2.7625865993094428e-03
    1.8870380174479354e-01 -4.0050947541441424e+01
    -3.9459882974510933e+01 6.6959729066253942e+02
    4.2401428093522620e-01 -7.2180226341107781e-02
    2.5324910499149933e-01 -6.4812682904197260e+01
    -3.3065224374509171e+01 6.7864228066541159e+02
    4.8824907931556161e-01 -7.8877336532210650e-03
    1.2426452283567402e-01 -3.5639054789656846e+01
    -5.7690047599255877e+01 7.7325065039744129e+02
    1.0757193995894533e-02 -5.2348301014276255e-01
    5.4126092757537117e-02 8.0652205664343768e+00
    -2.7641191856616334e+01 9.2032727538093525e+02
    -9.6994772311622138e-02 3.1962063225587434e-01
    3.8265820283970503e-01 7.0695610539623566e+00
    -4.1142270952857629e+01 7.7513150916427730e+02
    -3.1810729748107269e-01 5.7662785493476289e-02
    5.4941205441146124e-01 -5.9013742741316008e+01
    -4.8263469721401584e+01 8.1883868829729931e+02
    -2.1373333462100280e-01 -1.1181969965026807e-01
    -1.4935961085586713e+00 -7.9628893789614253e+01
    5.3314337657665163e+01 7.9737954553478846e+02 4.5735832142907223e-01
    -5.7570015188308898e-02 7.7552091730604109e-02
    -9.6037902778451624e+01 -3.1364879869799225e+01
    7.5595452978119499e+02 4.6316899944403916e-01
    -5.1817120275449470e-02 1.7011863676191691e-01
    -7.1255065791230152e+01 -4.3079905811868308e+01
    7.4106163755309308e+02 -4.5919030073475603e-01
    -3.8876685668615806e-03 2.4540634903978557e-02
    -2.9176782845234492e+01 -5.8240157312887533e+01
    7.8478406217844224e+02 4.8375005318711906e-01
    -3.7009363090225240e-02 4.9322704824933748e-02
    -4.8719182435452140e+01 -5.2099518577202836e+01
    7.0390196195059514e+02 -7.7276129501480315e-02
    1.4647747865319072e-01 1.0752163239407223e-01
    -8.8976077196439803e+01 -6.3019144938074298e+01
    8.8883438523355107e+02 4.0665431341770808e-02 3.9640365604192124e-01
    1.6530628890952135e+00 -2.6742184527578559e+01
    -5.5277356815827112e+01 9.1761696105544854e+02
    1.4928343191213206e-01 -4.5187621489745305e-01
    1.8267791991373566e-01 2.2646402329886616e+01
    -2.0767525920680022e+01 8.8894016320682226e+02
    -4.7695071554116719e-01 9.4182308954221569e-02
    2.4047634742291796e-01 5.1715659999877541e+00
    -3.2245705033696922e+01 7.5332500548068663e+02
    2.1972744947451858e-01 2.5672322076922527e-01
    -1.5220757356511418e+00 -1.0581632084032508e+02
    3.8191255610384623e+01 8.8639605336127147e+02 4.8226616569784853e-01
    -8.6793347831568557e-02 1.5519982334400351e-01
    -7.9177826503562216e+01 -4.4192661338443052e+01
    7.6076124636605311e+02 4.7022686452348411e-01
    -1.0002927633110457e-01 2.1593436308351610e-01
    -1.3513713927606121e+01 -1.3717909286801490e+01
    7.6947979338332289e+02 -2.5774895052230162e-01
    1.0767499559888517e-01 8.1019105241135175e-02
    -7.0929956920569012e+01 -4.7439837073556532e+01
    8.2648458546612062e+02</data></extrinsic_parameters>
