<?xml version="1.0"?>
<opencv_storage>
<calibration_time>"Mon 24 Sep 2018 02:53:27 PM EDT"</calibration_time>
<nr_of_frames>25</nr_of_frames>
<image_width>640</image_width>
<image_height>480</image_height>
<board_width>7</board_width>
<board_height>7</board_height>
<square_size>14.</square_size>
<fix_aspect_ratio>1.</fix_aspect_ratio>
<!-- flags: +fix_aspectRatio +fix_principal_point +zero_tangent_dist +fix_k4 +fix_k5 -->
<flags>6158</flags>
<fisheye_model>0</fisheye_model>
<camera_matrix type_id="opencv-matrix">
  <rows>3</rows>
  <cols>3</cols>
  <dt>d</dt>
  <data>
    1.9600945192664176e+03 0. 320. 0. 1.9600945192664176e+03 240. 0. 0.
    1.</data></camera_matrix>
<distortion_coefficients type_id="opencv-matrix">
  <rows>5</rows>
  <cols>1</cols>
  <dt>d</dt>
  <data>
    -7.6159147529469600e+00 4.5268525303811151e+02 0. 0.
    -9.0826502957061366e+03</data></distortion_coefficients>
<avg_reprojection_error>1.7903714848827728e+00</avg_reprojection_error>
<per_view_reprojection_errors type_id="opencv-matrix">
  <rows>25</rows>
  <cols>1</cols>
  <dt>f</dt>
  <data>
    1.37689173e+00 8.01424980e-01 1.16080952e+00 1.42438543e+00
    1.61139381e+00 1.28583682e+00 1.08718705e+00 2.04550266e+00
    2.28713012e+00 3.00898266e+00 2.31696868e+00 2.29657125e+00
    2.16316152e+00 1.21922147e+00 1.58557999e+00 1.64010906e+00
    1.67579842e+00 1.89686990e+00 2.06224608e+00 2.07204485e+00
    1.50262856e+00 7.05714285e-01 1.47433615e+00 2.18371582e+00
    1.91235340e+00</data></per_view_reprojection_errors>
<!-- a set of 6-tuples (rotation vector + translation vector) for each view -->
<extrinsic_parameters type_id="opencv-matrix">
  <rows>25</rows>
  <cols>6</cols>
  <dt>d</dt>
  <data>
    -3.9126188576742948e-01 6.2189908586675911e-02
    -1.1603192150690758e-01 3.0905571493215027e+00
    -6.4545430004489205e+01 1.0034813244482208e+03
    4.4595388645549366e-01 2.8501815055276887e-02
    -1.0764171098973135e-01 3.3209165304043956e-02
    -4.0872835229760810e+01 9.7757887698715069e+02
    4.0068013552161941e-01 3.7887656815558432e-02
    -8.8338300617539681e-02 -1.0078668521014084e+01
    3.1105778973904568e+00 9.2942448698936880e+02 4.8966209359917962e-01
    -3.6423496944158440e-01 1.3037727428151555e+00
    1.2181344971776767e+02 -7.5543535190917950e+01
    8.9680983680048087e+02 4.9872966858131329e-01
    -3.4556380471874792e-01 1.3227361007232972e+00
    1.1933979011142871e+02 -6.1734510586699848e+01
    8.8162479543346308e+02 4.9379710988654185e-01
    -3.0714996540980166e-01 1.4223926661289756e+00
    1.0269111890924526e+02 -1.9616287938988179e+01
    9.0490124615313232e+02 4.1326169460189310e-01 1.1583959285768598e-01
    -5.5904923456617954e-02 -2.7614293808222879e+01
    2.0772632422023612e+01 9.5121711034891439e+02
    -5.0371770491117940e-01 -2.9388302154041222e-02
    9.4778112221314006e-02 -4.7576573131012282e+01
    -2.1329737625492012e+01 5.6675846343638227e+02
    -4.8848264579759815e-01 -7.8917901164457738e-02
    -7.4742455857192414e-03 -9.7020925882993197e+01
    -4.1105582604734295e+01 6.3214857794616705e+02
    -4.5611474015594017e-01 -6.1880959138422953e-02
    -9.2301510242694118e-03 -7.3309143748214566e+01
    -5.0963882975143626e+01 6.6622145324219832e+02
    1.4911150672937817e-01 6.7198598577721549e-02 1.5426136171847917e+00
    1.3002740818544504e+01 -4.2772430013200086e+01
    8.2186876780741659e+02 1.5146530323878660e-01 7.4007402961698776e-02
    1.5387625979168715e+00 1.3708049723465624e+01
    -4.2885498098102097e+01 8.3015753099092944e+02
    1.2883405772364273e-01 1.0900174276182295e-01 1.5312678018387098e+00
    1.6011456437208128e+01 -4.3711276178016412e+01
    8.6103348707958673e+02 4.7721616374738457e-01
    -1.8558186704403411e-02 -4.6450200812138055e-02
    -5.8131177787663262e+01 -2.9889003727476400e+01
    7.8167758018638710e+02 2.5595946929625102e-01
    -4.2706575332286911e-01 1.4911354909144041e+00
    3.7132440181757850e+01 -3.0905136481191565e+01
    8.2014900607451079e+02 3.7129520073456490e-01
    -1.9081015503595899e-01 -4.9262010661216792e-02
    -3.1763663570600883e+01 -2.7104695844207075e+01
    8.2507810263023805e+02 -2.2473469045321357e-02
    -4.8884880373856215e-01 1.4870186007631412e+00
    7.1577937890418823e+01 -4.1343917069310869e+01
    8.4798000604657204e+02 -1.2383955003437187e-01
    -6.5480055008520122e-01 1.4630643375499681e+00
    8.5155318694760524e+01 -4.5726054886402054e+01
    8.4724023098005171e+02 4.1459932607212063e-02
    -5.3004910048882892e-01 -2.3201892607013486e-02
    1.3906660793171177e+01 -5.5498605958179610e+01
    8.3364171406431160e+02 -1.9065891814360747e-01
    -5.0636645438829653e-01 2.1107222608501189e-02
    1.2504064647484974e+01 -6.4711827919276573e+01
    8.2950223806193833e+02 -3.7240479991854419e-01
    -2.4329604198517246e-01 3.3499432354640354e-02
    6.6125664042719325e+00 -6.2202428992467773e+01
    7.9856770394074249e+02 -5.2299229632676991e-01
    -8.5262453201085484e-02 3.7598982584367620e-02
    -1.5937791599145779e+00 -5.2521261051785494e+01
    7.6225809971520266e+02 -5.1194498699146107e-01
    3.3698977395252135e-02 7.7290350092712901e-02
    -1.6131043582672635e+01 -2.3608108005619677e+01
    7.6875591327161703e+02 -3.0317968893327676e-02
    2.4046459990452257e-01 1.4932469076406041e+00
    -4.4331119616831181e+01 -1.9998692058847958e+01
    8.2511931710348688e+02 -1.4976909793066714e-01
    2.8034560165796291e-01 1.4675340474485163e+00
    -4.6090755029926953e+01 -3.6200351181222786e+01
    8.2379829960521408e+02</data></extrinsic_parameters>
