<?xml version="1.0"?>
<opencv_storage>
<calibration_time>"Thu 27 Sep 2018 03:30:51 PM EDT"</calibration_time>
<nr_of_frames>25</nr_of_frames>
<image_width>640</image_width>
<image_height>480</image_height>
<board_width>7</board_width>
<board_height>7</board_height>
<square_size>14.</square_size>
<fix_aspect_ratio>1.</fix_aspect_ratio>
<!-- flags: +fix_aspectRatio +fix_principal_point +zero_tangent_dist +fix_k4 +fix_k5 -->
<flags>6158</flags>
<fisheye_model>0</fisheye_model>
<camera_matrix type_id="opencv-matrix">
  <rows>3</rows>
  <cols>3</cols>
  <dt>d</dt>
  <data>
    3.0257468898137959e+03 0. 320. 0. 3.0257468898137959e+03 240. 0. 0.
    1.</data></camera_matrix>
<distortion_coefficients type_id="opencv-matrix">
  <rows>5</rows>
  <cols>1</cols>
  <dt>d</dt>
  <data>
    -4.0024863659325760e+00 7.8063745163090474e+01 0. 0.
    -4.4663258680241843e+03</data></distortion_coefficients>
<avg_reprojection_error>2.3338013046710899e+00</avg_reprojection_error>
<per_view_reprojection_errors type_id="opencv-matrix">
  <rows>25</rows>
  <cols>1</cols>
  <dt>f</dt>
  <data>
    3.85884333e+00 1.41719842e+00 3.41396928e+00 4.38044071e-01
    4.21388292e+00 2.63042784e+00 1.54401529e+00 2.89019537e+00
    2.48717856e+00 8.81821215e-01 7.92300105e-01 1.21901536e+00
    7.81994462e-01 3.52623010e+00 3.02897382e+00 2.63420081e+00
    1.74081433e+00 1.35918283e+00 4.31901455e+00 1.31082129e+00
    1.80089128e+00 6.94061637e-01 8.44949484e-01 1.78771734e+00
    9.40574884e-01</data></per_view_reprojection_errors>
<!-- a set of 6-tuples (rotation vector + translation vector) for each view -->
<extrinsic_parameters type_id="opencv-matrix">
  <rows>25</rows>
  <cols>6</cols>
  <dt>d</dt>
  <data>
    5.0255508354615186e-01 -1.0686871075832910e-02
    2.8347293549502822e-01 -3.8138127602019538e+00
    -5.0712778463223799e+01 7.9269529154190025e+02
    -4.8791837176001196e-01 4.2024188632599720e-02
    2.3656118043059807e-01 -1.5676009110982106e+01
    -4.0416531457390107e+01 7.8628886017250136e+02
    -4.0839519470003144e-01 -3.2224894349832128e-01
    -1.3300184177840901e+00 -3.3461081792215829e+01
    6.7303331185936326e+00 9.6280163197400373e+02 4.8284605158312771e-01
    -4.2430549703788012e-03 1.8958491574306013e-01
    -9.8509364590386799e+00 -3.1696193467824692e+01
    9.5780763846824539e+02 -5.6156120247497487e-01
    -1.8601618155863253e-02 1.7783466807902867e-01
    -4.5372307388919317e+01 -2.4742234161119601e+01
    9.1223549349527832e+02 5.5288364311848426e-01 5.0707067273806493e-02
    1.8116912924296563e-01 -2.3295244463675186e+01
    -3.8630485826789347e+01 8.8290354331454057e+02
    4.7314866756370333e-01 -3.1504654530401049e-02
    2.5996025330975769e-01 -4.5364899658211606e+01
    -4.6052768493754542e+01 8.9614831361703921e+02
    -3.9424509116063094e-01 -3.0358919444671445e-01
    -1.3475420590958611e+00 -2.6173543497203994e+01
    6.2805537899438129e+00 1.0334287925561073e+03
    -2.5407855878289615e-01 1.7247831250279055e-01
    5.9373017942581885e-01 -4.0568303955574130e+01
    -6.0518035754771780e+01 1.0637435748221199e+03
    4.1770340285305918e-01 -9.3135802644828420e-03
    3.5800713017236435e-01 -6.4444326632087410e+01
    -4.5561225034335258e+01 1.0160295519392963e+03
    4.5686739804585258e-01 -4.9949813049522448e-03
    1.6989187901174849e-01 -5.2712242700239649e+01
    -4.4209864845248696e+01 9.8710018502550020e+02
    -4.1042128970356667e-01 -3.6619182814861795e-01
    -1.5337439876852501e+00 -2.0333015056269290e+00
    3.7872086387172743e+01 9.5987637252729246e+02
    -4.8139715397646760e-01 2.3595283852466821e-02
    7.8198845347189519e-04 -8.9591143633878527e+00
    -5.8016838505914379e+01 1.0046730671052393e+03
    -4.4818078675349793e-01 2.6989240528211972e-02
    9.9901521531531978e-02 -2.3624370352166967e+01
    -5.9034996606592294e+01 9.3488322486381401e+02
    1.5414296174151829e-01 -3.8727867541252847e-01
    1.8131630259485115e-01 3.8524250537499256e+01
    -2.2693757398347877e+01 1.1701329243349924e+03
    4.4932582275768329e-01 -2.0552928019134879e-02
    1.6971557881002325e-01 -4.5885304408552742e+01
    -4.9008295980051827e+01 1.0137082984615911e+03
    4.9543094002435617e-01 -1.0263982171863466e-01
    1.8467699339854485e-01 -1.1172945580683843e+01
    -1.2888144453320431e+01 1.0415392281906520e+03
    4.7754947560468730e-01 4.2638606525575974e-02 4.5417411005061574e-03
    -1.3141410256106456e+01 -3.1459975677636095e+01
    9.6868044736524166e+02 3.5916877044081930e-01 5.6658703971269497e-01
    1.4914714639634301e+00 -3.4679776871676258e+00
    -5.0102162995304653e+01 1.0858418601085320e+03
    4.6357807319524774e-01 5.7335498122841394e-03 1.4174184814568822e-01
    -2.8938625884319567e+01 -3.3756915503934252e+01
    9.7836204003946477e+02 -4.2024082989013178e-01
    -3.3892310270844106e-01 -1.3907651028156769e+00
    -2.1006591358094390e+01 9.4413626719579007e+00
    9.6886100503400894e+02 4.7363945143683317e-01
    -1.4022308829792041e-02 1.3889187187413074e-01
    -5.2059507547229540e+00 -2.3992604851799516e+01
    1.0191768499173288e+03 -4.5758631797495447e-01
    -2.2909414248323957e-03 3.5367623119494471e-02
    -8.2620231395604151e+01 -3.1007206310067794e+01
    1.0280208586210131e+03 -3.9993433116527921e-01
    4.7912006575716065e-02 1.1405410934736775e-01
    -6.3596684593842298e+01 -4.9425104896019505e+01
    9.8281287807649130e+02 4.8662820935615003e-01
    -3.7158419511281092e-02 2.3049005001960599e-01
    6.8654692810670479e+00 -5.6767799021349511e+01
    1.0336772809981837e+03</data></extrinsic_parameters>
