%YAML:1.0
---
R: !!opencv-matrix
   rows: 3
   cols: 3
   dt: d
   data: [ 9.9855507516018316e-01, 5.7432542863794685e-03,
       -5.3430112315462366e-02, -5.3201906377756507e-03,
       9.9995338955550661e-01, 8.0569403641173685e-03,
       5.3473894971459338e-02, -7.7610403075363075e-03,
       9.9853908727196361e-01 ]
T: !!opencv-matrix
   rows: 3
   cols: 1
   dt: d
   data: [ 3.2737727150183477e-01, 1.1434570655077482e-02,
       1.5606748512275498e-01 ]
R1: !!opencv-matrix
   rows: 3
   cols: 3
   dt: d
   data: [ 9.2375472127036740e-01, 3.3354936524453621e-02,
       3.8152937388903030e-01, -3.5255391633449956e-02,
       9.9937631453358988e-01, -2.0098034808143190e-03,
       -3.8135845643105631e-01, -1.1594402041894871e-02,
       9.2435453022626168e-01 ]
R2: !!opencv-matrix
   rows: 3
   cols: 3
   dt: d
   data: [ 9.0222637371133363e-01, 3.1512790028915515e-02,
       4.3010988670837402e-01, -2.9357393914478461e-02,
       9.9950110569706407e-01, -1.1648310302205048e-02,
       -4.3026237809300388e-01, -2.1174926067866087e-03,
       9.0270139150375373e-01 ]
P1: !!opencv-matrix
   rows: 3
   cols: 4
   dt: d
   data: [ -1.2649192227929852e+03, 0., -4.8950806498527527e+01, 0., 0.,
       -1.2649192227929852e+03, 2.4723861694335938e+02, 0., 0., 0., 1.,
       0. ]
P2: !!opencv-matrix
   rows: 3
   cols: 4
   dt: d
   data: [ -1.2649192227929852e+03, 0., -4.8950806498527527e+01,
       -4.5898215336440785e+02, 0., -1.2649192227929852e+03,
       2.4723861694335938e+02, 0., 0., 0., 1., 0. ]
Q: !!opencv-matrix
   rows: 4
   cols: 4
   dt: d
   data: [ 1., 0., 0., 4.8950806498527527e+01, 0., 1., 0.,
       -2.4723861694335938e+02, 0., 0., 0., -1.2649192227929852e+03, 0.,
       0., -2.7559224547641734e+00, 0. ]
