%YAML:1.0
---
M1: !!opencv-matrix
   rows: 3
   cols: 3
   dt: d
   data: [ 7.7547595790099706e+02, 0., 3.2549148960574826e+02, 0.,
       7.1495964626131047e+02, 2.4334752109256382e+02, 0., 0., 1. ]
D1: !!opencv-matrix
   rows: 1
   cols: 14
   dt: d
   data: [ -2.7033131463573823e-01, -6.2896704750423338e-01, 0., 0., 0.,
       0., 0., -2.9242757224264566e+00, 0., 0., 0., 0., 0., 0. ]
M2: !!opencv-matrix
   rows: 3
   cols: 3
   dt: d
   data: [ 7.7547595790099706e+02, 0., 2.9393369763129874e+02, 0.,
       7.1495964626131047e+02, 2.3759200311050682e+02, 0., 0., 1. ]
D2: !!opencv-matrix
   rows: 1
   cols: 14
   dt: d
   data: [ -2.6065241358202090e-01, -2.0989233505234109e-01, 0., 0., 0.,
       0., 0., -2.8749020463620267e+00, 0., 0., 0., 0., 0., 0. ]
